# nCorrType
4

# nPtBins
12 6 6 12

# Trigger particle Pt bins
0.20  0.30
0.30  0.40
0.40  0.50
0.50  0.60
0.60  0.70
0.70  0.80
0.80  0.90
0.90  1.00
1.00  1.50
1.50  2.00
2.00  2.50
2.50  3.00

0.20  0.30
0.30  0.40
0.40  0.50
0.50  0.60
0.60  0.70
0.70  0.80

0.20  0.30
0.30  0.40
0.40  0.50
0.50  0.60
0.60  0.70
0.70  0.80

0.20  0.30
0.30  0.40
0.40  0.50
0.50  0.60
0.60  0.70
0.70  0.80
0.80  0.90
0.90  1.00
1.00  1.10
1.10  1.20
1.20  1.30
1.30  1.40

# Reference particle Pt Min Max 
0.3 3.0

# Analysis nMultiplicityBins
5

# Analysis MultiplicityBins
  0  30
 30  50
 50  80
 80 100
100 120

# EventMixing nMultiplicityBins
8

# EventMixing MultiplicityBins
  0  20
 20  30
 30  40
 40  50
 50  60
 60  80
 80 100
100 120

# nZvtxBins
22

# ZvtxBins
-13.0 -11.0
-11.0  -9.0
 -9.0  -8.0
 -8.0  -7.0
 -7.0  -6.0
 -6.0  -5.0
 -5.0  -4.0
 -4.0  -3.0
 -3.0  -2.0
 -2.0  -1.0
 -1.0   0.0
  0.0   1.0
  1.0   2.0
  2.0   3.0
  3.0   4.0
  4.0   5.0
  5.0   6.0
  6.0   7.0
  7.0   8.0
  8.0   9.0
  9.0  11.0
 11.0  13.0
